Linux 3.10.0-693.el7.x86_64 (localhost.localdomain) 	2018年04月07日 	_x86_64_	(24 CPU)

Device:            tps    kB_read/s    kB_wrtn/s    kB_read    kB_wrtn
sda              62.09      1807.33        75.71 1395569963   58458042
sdc             128.99      3877.09     11131.44 2993784122 8595395760
sdb              15.92       404.00       142.55  311958874  110069756
dm-0             61.68      1796.98        40.92 1387578843   31599983
dm-1             11.23        10.32        34.60    7965788   26720180
nvme0n1          77.13       308.97      1153.76  238574629  890900224
dm-2              0.00         0.00         0.03       3068      25709

Device:            tps    kB_read/s    kB_wrtn/s    kB_read    kB_wrtn
sda             148.33      4493.34         9.42     269600        565
sdc             159.55      2522.67      2021.53     151360     121292
sdb               1.77        28.53         2.40       1712        144
dm-0            148.43      4493.21         9.42     269592        565
dm-1              0.00         0.00         0.00          0          0
nvme0n1         119.12       361.07       339.20      21664      20352
dm-2              0.00         0.00         0.00          0          0

Device:            tps    kB_read/s    kB_wrtn/s    kB_read    kB_wrtn
sda             122.53      4000.53         5.22     240032        313
sdc             203.55      3045.80      5272.00     182748     316320
sdb               0.13         0.07         0.53          4         32
dm-0            122.37      4000.53         5.22     240032        313
dm-1              0.00         0.00         0.00          0          0
nvme0n1         140.43       416.87       457.27      25012      27436
dm-2              0.00         0.00         0.00          0          0

Device:            tps    kB_read/s    kB_wrtn/s    kB_read    kB_wrtn
sda             120.00      3937.20         3.95     236232        237
sdc             166.83      2634.47      4305.33     158068     258320
sdb               0.10         0.07         0.40          4         24
dm-0            119.82      3937.20         3.95     236232        237
dm-1              0.00         0.00         0.00          0          0
nvme0n1         123.90       372.13       372.20      22328      22332
dm-2              0.00         0.00         0.00          0          0

