Linux 3.10.0-693.21.1.el7.x86_64 (localhost.localdomain) 	2018年04月08日 	_x86_64_	(24 CPU)

Device:            tps    kB_read/s    kB_wrtn/s    kB_read    kB_wrtn
sda             137.21      3526.24       109.28  384277181   11909086
sdb             241.91      6386.53     11508.93  695981973 1254203668
sdc             219.35       545.22      2153.22   59416181  234650604
dm-0              0.00         0.02         0.00       2256          0
dm-1              0.02         0.08         0.03       9231       3812
dm-2            138.97      3526.06       109.23  384258331   11903136
nvme0n1         446.51      2007.48     10464.40  218768317 1140374244

Device:            tps    kB_read/s    kB_wrtn/s    kB_read    kB_wrtn
sda             226.18      6172.72        20.29     370363       1217
sdb               3.05        41.60         2.73       2496        164
sdc           25707.75         7.13     54044.53        428    3242672
dm-0              0.00         0.00         0.00          0          0
dm-1              0.00         0.00         0.00          0          0
dm-2            226.48      6172.72        20.29     370363       1217
nvme0n1           0.00         0.00         0.00          0          0

Device:            tps    kB_read/s    kB_wrtn/s    kB_read    kB_wrtn
sda             153.20      3927.02        13.68     235621        820
sdb               0.13         0.07         0.53          4         32
sdc           33163.95         2.67     69666.00        160    4179960
dm-0              0.00         0.00         0.00          0          0
dm-1              0.00         0.00         0.00          0          0
dm-2            152.97      3927.02        13.68     235621        820
nvme0n1           0.00         0.00         0.00          0          0

Device:            tps    kB_read/s    kB_wrtn/s    kB_read    kB_wrtn
sda             149.10      3860.73         7.94     231644        476
sdb               0.10         0.07         0.40          4         24
sdc           33344.15         1.20     70107.73         72    4206464
dm-0              0.00         0.00         0.00          0          0
dm-1              0.00         0.00         0.00          0          0
dm-2            148.90      3860.73         7.94     231644        476
nvme0n1           0.00         0.00         0.00          0          0

Device:            tps    kB_read/s    kB_wrtn/s    kB_read    kB_wrtn
sda             149.62      3837.80         6.86     230268        411
sdb               0.10         0.07         0.40          4         24
sdc           33431.25         2.33     70184.80        140    4211088
dm-0              0.00         0.00         0.00          0          0
dm-1              0.00         0.00         0.00          0          0
dm-2            149.42      3838.27         6.86     230296        411
nvme0n1           0.00         0.00         0.00          0          0

Device:            tps    kB_read/s    kB_wrtn/s    kB_read    kB_wrtn
sda             207.78      5746.27        19.87     344776       1192
sdb               0.10         0.07         0.40          4         24
sdc           33631.65        10.47     70575.00        628    4234500
dm-0              0.00         0.00         0.00          0          0
dm-1              0.00         0.00         0.00          0          0
dm-2            207.42      5745.80        19.87     344748       1192
nvme0n1           0.00         0.00         0.00          0          0

