Linux 3.10.0-693.21.1.el7.x86_64 (localhost.localdomain) 	2018年04月08日 	_x86_64_	(24 CPU)

Device:            tps    kB_read/s    kB_wrtn/s    kB_read    kB_wrtn
sda             136.15      3496.94       112.96  367565185   11873238
sdb             250.65      6620.58     11932.22  695892093 1254201472
sdc             178.46       563.93      2130.06   59274761  223891484
dm-0              0.00         0.02         0.00       2256          0
dm-1              0.02         0.09         0.04       9231       3812
dm-2            137.97      3496.76       112.90  367546339   11867288
nvme0n1         462.93      2081.32     10849.29  218768317 1140374244

Device:            tps    kB_read/s    kB_wrtn/s    kB_read    kB_wrtn
sda             161.80      4115.93        11.82     246956        709
sdb               0.25         0.00         1.60          0         96
sdc               3.07        11.47         1.33        688         80
dm-0              0.00         0.00         0.00          0          0
dm-1              0.00         0.00         0.00          0          0
dm-2            161.87      4115.87        11.82     246952        709
nvme0n1           0.00         0.00         0.00          0          0

Device:            tps    kB_read/s    kB_wrtn/s    kB_read    kB_wrtn
sda             185.07      4582.29        17.23     274937       1034
sdb               4.30        46.13         1.60       2768         96
sdc           19381.25         1.40     40752.87         84    2445172
dm-0              0.00         0.00         0.00          0          0
dm-1              0.00         0.00         0.00          0          0
dm-2            185.75      4582.29        17.23     274937       1034
nvme0n1           0.00         0.00         0.00          0          0

Device:            tps    kB_read/s    kB_wrtn/s    kB_read    kB_wrtn
sda             139.38      3676.33         7.88     220580        473
sdb               0.13         1.27         0.40         76         24
sdc           23021.48         1.40     48414.60         84    2904876
dm-0              0.00         0.00         0.00          0          0
dm-1              0.00         0.00         0.00          0          0
dm-2            139.40      3676.33         7.88     220580        473
nvme0n1           0.00         0.00         0.00          0          0

Device:            tps    kB_read/s    kB_wrtn/s    kB_read    kB_wrtn
sda             135.97      3619.73         5.15     217184        309
sdb               0.10         0.07         0.40          4         24
sdc               0.02         0.00         0.07          0          4
dm-0              0.00         0.00         0.00          0          0
dm-1              0.00         0.00         0.00          0          0
dm-2            135.80      3619.80         5.15     217188        309
nvme0n1           0.00         0.00         0.00          0          0

Device:            tps    kB_read/s    kB_wrtn/s    kB_read    kB_wrtn
sda             158.53      4051.08         9.72     243065        583
sdb               0.10         0.07         0.40          4         24
sdc               0.00         0.00         0.00          0          0
dm-0              0.00         0.00         0.00          0          0
dm-1              0.00         0.00         0.00          0          0
dm-2            158.40      4051.08         9.72     243065        583
nvme0n1           0.00         0.00         0.00          0          0

Device:            tps    kB_read/s    kB_wrtn/s    kB_read    kB_wrtn
sda             155.33      3958.53         7.66     237512        459
sdb               0.10         0.07         0.40          4         24
sdc               0.00         0.00         0.00          0          0
dm-0              0.00         0.00         0.00          0          0
dm-1              0.00         0.00         0.00          0          0
dm-2            155.53      3958.47         7.66     237508        459
nvme0n1           0.00         0.00         0.00          0          0

Device:            tps    kB_read/s    kB_wrtn/s    kB_read    kB_wrtn
sda             162.68      4165.00         7.65     249900        459
sdb               0.10         0.07         0.40          4         24
sdc               0.00         0.00         0.00          0          0
dm-0              0.00         0.00         0.00          0          0
dm-1              0.00         0.00         0.00          0          0
dm-2            162.45      4165.00         7.65     249900        459
nvme0n1           0.00         0.00         0.00          0          0

