Linux 3.10.0-693.21.1.el7.x86_64 (localhost.localdomain) 	2018年04月08日 	_x86_64_	(24 CPU)

Device:            tps    kB_read/s    kB_wrtn/s    kB_read    kB_wrtn
sda             131.05      3322.08        84.17  300318333    7608973
sdb             278.78      7565.98     13075.05  683969593 1181992744
sdc             200.92       455.79      2356.85   41203401  213060352
dm-0              0.00         0.02         0.00       2240          0
dm-1              0.02         0.10         0.04       9215       3812
dm-2            133.12      3321.87        84.10  300299596    7603023
nvme0n1         532.06      2389.36      3800.49  215999905  343566960

Device:            tps    kB_read/s    kB_wrtn/s    kB_read    kB_wrtn
sda             599.12     30403.90     32726.74    1824234    1963604
sdb               0.28         7.80         1.13        468         68
sdc               0.00         0.00         0.00          0          0
dm-0              0.00         0.00         0.00          0          0
dm-1              0.00         0.00         0.00          0          0
dm-2            578.58     30403.90     32726.74    1824234    1963604
nvme0n1           0.00         0.00         0.00          0          0

Device:            tps    kB_read/s    kB_wrtn/s    kB_read    kB_wrtn
sda             606.50     32719.70     27874.58    1963182    1672475
sdb               0.13         0.07         0.53          4         32
sdc               0.00         0.00         0.00          0          0
dm-0              0.00         0.00         0.00          0          0
dm-1              0.00         0.00         0.00          0          0
dm-2            587.18     32723.37     27874.58    1963402    1672475
nvme0n1           0.00         0.00         0.00          0          0

Device:            tps    kB_read/s    kB_wrtn/s    kB_read    kB_wrtn
sda            2827.20     68594.69      8438.31    4115681     506298
sdb               0.10         0.07         0.40          4         24
sdc               0.00         0.00         0.00          0          0
dm-0              0.00         0.00         0.00          0          0
dm-1              0.00         0.00         0.00          0          0
dm-2           2822.90     68592.02      8438.31    4115521     506298
nvme0n1           0.00         0.00         0.00          0          0

Device:            tps    kB_read/s    kB_wrtn/s    kB_read    kB_wrtn
sda             930.62      9575.07        45.23     574504       2713
sdb               0.10         0.07         0.40          4         24
sdc               0.00         0.00         0.00          0          0
dm-0              0.00         0.00         0.00          0          0
dm-1              0.00         0.00         0.00          0          0
dm-2            930.32      9574.07        45.23     574444       2713
nvme0n1           0.00         0.00         0.00          0          0

Device:            tps    kB_read/s    kB_wrtn/s    kB_read    kB_wrtn
sda             170.25      4483.87         9.93     269032        595
sdb               0.10         0.07         0.40          4         24
sdc               0.00         0.00         0.00          0          0
dm-0              0.00         0.00         0.00          0          0
dm-1              0.00         0.00         0.00          0          0
dm-2            170.03      4483.87         9.93     269032        595
nvme0n1           0.00         0.00         0.00          0          0

Device:            tps    kB_read/s    kB_wrtn/s    kB_read    kB_wrtn
sda             201.03      7304.87        10.58     438292        635
sdb               0.10         0.07         0.40          4         24
sdc               3.02        11.87         1.13        712         68
dm-0              0.00         0.00         0.00          0          0
dm-1              0.00         0.00         0.00          0          0
dm-2            200.77      7304.87        10.58     438292        635
nvme0n1           0.00         0.00         0.00          0          0

Device:            tps    kB_read/s    kB_wrtn/s    kB_read    kB_wrtn
sda             145.53      3759.32         9.31     225559        558
sdb             220.70        12.13     55557.33        728    3333440
sdc               1.50         4.40         4.20        264        252
dm-0              0.00         0.00         0.00          0          0
dm-1              0.00         0.00         0.00          0          0
dm-2            146.63      3759.78         9.31     225587        558
nvme0n1           0.00         0.00         0.00          0          0

Device:            tps    kB_read/s    kB_wrtn/s    kB_read    kB_wrtn
sda             144.37      4207.48        24.71     252449       1482
sdb             542.07         0.40    138288.53         24    8297312
sdc               0.00         0.00         0.00          0          0
dm-0              0.00         0.00         0.00          0          0
dm-1              0.00         0.00         0.00          0          0
dm-2            144.25      4207.02        24.71     252421       1482
nvme0n1           0.00         0.00         0.00          0          0

Device:            tps    kB_read/s    kB_wrtn/s    kB_read    kB_wrtn
sda             112.77      2844.43         9.85     170665        591
sdb             539.83         0.47    137716.80         28    8263008
sdc               0.03         0.33         0.00         20          0
dm-0              0.00         0.00         0.00          0          0
dm-1              0.00         0.00         0.00          0          0
dm-2            112.72      2844.49         9.85     170669        591
nvme0n1           0.10         0.00         0.40          0         24

