Linux 3.10.0-693.21.1.el7.x86_64 (localhost.localdomain) 	2018年04月08日 	_x86_64_	(24 CPU)

Device:            tps    kB_read/s    kB_wrtn/s    kB_read    kB_wrtn
sda             135.60      3478.47       116.48  353768551   11845911
sdb             256.29      6809.15     12251.03  692506545 1245958408
sdc             178.69       413.35      2101.22   42038289  213698696
dm-0              0.00         0.02         0.00       2256          0
dm-1              0.02         0.09         0.04       9231       3812
dm-2            137.48      3478.29       116.42  353749701   11839961
nvme0n1         477.89      2144.88     11211.83  218139657 1140268896

Device:            tps    kB_read/s    kB_wrtn/s    kB_read    kB_wrtn
sda             144.70      3722.02         9.28     223321        556
sdb             141.73      1205.87      6315.27      72352     378916
sdc             429.30     25941.73     35805.40    1556504    2148324
dm-0              0.00         0.00         0.00          0          0
dm-1              0.00         0.00         0.00          0          0
dm-2            144.48      3722.15         9.28     223329        556
nvme0n1          86.80       656.40       273.07      39384      16384

Device:            tps    kB_read/s    kB_wrtn/s    kB_read    kB_wrtn
sda             172.62      5120.27        11.24     307216        674
sdb             176.78      1703.87      5781.87     102232     346912
sdc             452.72     28624.47     35084.20    1717468    2105052
dm-0              0.00         0.00         0.00          0          0
dm-1              0.00         0.00         0.00          0          0
dm-2            172.68      5120.13        11.24     307208        674
nvme0n1         100.50       688.60       267.80      41316      16068

Device:            tps    kB_read/s    kB_wrtn/s    kB_read    kB_wrtn
sda             136.42      3621.87         5.55     217312        333
sdb             196.20      2555.87      1902.07     153352     114124
sdc             427.03     27093.20     33536.93    1625592    2012216
dm-0              0.00         0.00         0.00          0          0
dm-1              0.00         0.00         0.00          0          0
dm-2            136.25      3621.87         5.55     217312        333
nvme0n1         148.80       702.73       467.20      42164      28032

Device:            tps    kB_read/s    kB_wrtn/s    kB_read    kB_wrtn
sda             136.63      3631.35         7.03     217881        422
sdb             192.55      2081.00      3307.20     124860     198432
sdc             453.32     28790.47     35561.33    1727428    2133680
dm-0              0.00         0.00         0.00          0          0
dm-1              0.00         0.00         0.00          0          0
dm-2            136.38      3631.35         7.03     217881        422
nvme0n1         103.48       421.67       377.07      25300      22624

Device:            tps    kB_read/s    kB_wrtn/s    kB_read    kB_wrtn
sda             135.93      3608.00         5.51     216480        330
sdb             124.02      2025.40      2299.07     121524     137944
sdc             712.88     38592.07     17168.73    2315524    1030124
dm-0              0.00         0.00         0.00          0          0
dm-1              0.00         0.00         0.00          0          0
dm-2            135.78      3608.00         5.51     216480        330
nvme0n1          78.65       349.13       267.67      20948      16060

Device:            tps    kB_read/s    kB_wrtn/s    kB_read    kB_wrtn
sda             158.05      4225.87         8.68     253552        521
sdb             147.47      1661.67      3180.73      99700     190844
sdc             624.03     28070.53      7801.40    1684232     468084
dm-0              0.00         0.00         0.00          0          0
dm-1              0.00         0.00         0.00          0          0
dm-2            157.90      4230.13         8.68     253808        521
nvme0n1          27.50       207.93        99.33      12476       5960

Device:            tps    kB_read/s    kB_wrtn/s    kB_read    kB_wrtn
sda             154.53      4511.38        10.76     270683        645
sdb             160.13      1496.53      3537.93      89792     212276
sdc             608.18     22442.53      4418.33    1346552     265100
dm-0              0.00         0.00         0.00          0          0
dm-1              0.00         0.00         0.00          0          0
dm-2            154.30      4507.12        10.76     270427        645
nvme0n1          11.42       216.47         0.00      12988          0

Device:            tps    kB_read/s    kB_wrtn/s    kB_read    kB_wrtn
sda             130.70      3460.60         6.53     207636        391
sdb             150.83       652.33      4552.93      39140     273176
sdc             560.42     18671.20       372.40    1120272      22344
dm-0              0.00         0.00         0.00          0          0
dm-1              0.00         0.00         0.00          0          0
dm-2            130.57      3460.60         6.53     207636        391
nvme0n1          21.18       440.47         0.00      26428          0

Device:            tps    kB_read/s    kB_wrtn/s    kB_read    kB_wrtn
sda             129.03      3412.53         5.11     204752        306
sdb             145.93      2173.40      5022.07     130404     301324
sdc             708.12     16318.80         0.00     979128          0
dm-0              0.00         0.00         0.00          0          0
dm-1              0.00         0.00         0.00          0          0
dm-2            129.12      3412.67         5.11     204760        306
nvme0n1           7.82       141.80         0.47       8508         28

Device:            tps    kB_read/s    kB_wrtn/s    kB_read    kB_wrtn
sda             131.43      3445.07         4.42     206704        265
sdb             138.95      1678.47      5111.07     100708     306664
sdc             958.93     16315.40         0.00     978924          0
dm-0              0.00         0.00         0.00          0          0
dm-1              0.00         0.00         0.00          0          0
dm-2            131.27      3445.07         4.42     206704        265
nvme0n1           4.95        90.20         0.00       5412          0

Device:            tps    kB_read/s    kB_wrtn/s    kB_read    kB_wrtn
sda             132.15      3520.40         4.71     211224        282
sdb             156.67      2447.80      2438.00     146868     146280
sdc            1061.42     14125.00        53.87     847500       3232
dm-0              0.00         0.00         0.00          0          0
dm-1              0.00         0.00         0.00          0          0
dm-2            131.95      3520.27         4.71     211216        282
nvme0n1           6.98       135.13         0.00       8108          0

Device:            tps    kB_read/s    kB_wrtn/s    kB_read    kB_wrtn
sda             131.48      3480.93         4.22     208856        253
sdb             162.53      2096.07      3939.47     125764     236368
sdc            1114.78     12245.67        76.53     734740       4592
dm-0              0.00         0.00         0.00          0          0
dm-1              0.00         0.00         0.00          0          0
dm-2            131.52      3480.93         4.22     208856        253
nvme0n1          15.73       280.07         0.20      16804         12

Device:            tps    kB_read/s    kB_wrtn/s    kB_read    kB_wrtn
sda             130.05      3458.20         5.55     207492        333
sdb             171.72      2669.53      4244.80     160172     254688
sdc             669.33      5617.47         0.00     337048          0
dm-0              0.00         0.00         0.00          0          0
dm-1              0.00         0.00         0.00          0          0
dm-2            129.90      3458.20         5.55     207492        333
nvme0n1          11.18       199.27         0.27      11956         16

Device:            tps    kB_read/s    kB_wrtn/s    kB_read    kB_wrtn
sda             131.50      3478.33         4.17     208700        250
sdb             146.60      2497.80      2536.87     149868     152212
sdc             302.35      1594.00         0.00      95640          0
dm-0              0.00         0.00         0.00          0          0
dm-1              0.00         0.00         0.00          0          0
dm-2            131.52      3478.33         4.17     208700        250
nvme0n1          20.20       365.53         0.00      21932          0

Device:            tps    kB_read/s    kB_wrtn/s    kB_read    kB_wrtn
sda             174.68      5114.09         6.74     306845        404
sdb             169.48      2473.53      4236.67     148412     254200
sdc             268.85      1214.80         0.00      72888          0
dm-0              0.00         0.00         0.00          0          0
dm-1              0.00         0.00         0.00          0          0
dm-2            174.53      5114.09         6.74     306845        404
nvme0n1          21.50       425.27         0.20      25516         12

Device:            tps    kB_read/s    kB_wrtn/s    kB_read    kB_wrtn
sda             132.02      3447.82        10.63     206869        638
sdb              97.17      1090.80      6555.47      65448     393328
sdc             233.45       958.33         0.00      57500          0
dm-0              0.00         0.00         0.00          0          0
dm-1              0.00         0.00         0.00          0          0
dm-2            131.83      3447.82        10.63     206869        638
nvme0n1           9.28       198.07         0.27      11884         16

Device:            tps    kB_read/s    kB_wrtn/s    kB_read    kB_wrtn
sda             128.70      3412.48         5.86     204749        351
sdb             119.12      1541.53      4785.93      92492     287156
sdc             162.45       654.00         0.00      39240          0
dm-0              0.00         0.00         0.00          0          0
dm-1              0.00         0.00         0.00          0          0
dm-2            128.57      3413.08         5.86     204785        351
nvme0n1          19.75       379.27         0.00      22756          0

Device:            tps    kB_read/s    kB_wrtn/s    kB_read    kB_wrtn
sda             132.08      3512.60         4.44     210756        266
sdb             110.43      1110.93      6743.53      66656     404612
sdc               0.00         0.00         0.00          0          0
dm-0              0.00         0.00         0.00          0          0
dm-1              0.00         0.00         0.00          0          0
dm-2            132.17      3513.67         4.44     210820        266
nvme0n1           9.72       213.20         0.00      12792          0

Device:            tps    kB_read/s    kB_wrtn/s    kB_read    kB_wrtn
sda             134.03      3561.87         4.62     213712        277
sdb              93.40      1059.33      5430.40      63560     325824
sdc               0.03         0.13         0.00          8          0
dm-0              0.00         0.00         0.00          0          0
dm-1              0.00         0.00         0.00          0          0
dm-2            133.82      3560.20         4.62     213612        277
nvme0n1          10.77       196.40         0.20      11784         12

Device:            tps    kB_read/s    kB_wrtn/s    kB_read    kB_wrtn
sda             135.30      3581.33         4.22     214880        253
sdb             106.50      1302.00      5208.00      78120     312480
sdc               0.00         0.00         0.00          0          0
dm-0              0.00         0.00         0.00          0          0
dm-1              0.00         0.00         0.00          0          0
dm-2            135.12      3581.33         4.22     214880        253
nvme0n1          13.80       222.20         0.27      13332         16

Device:            tps    kB_read/s    kB_wrtn/s    kB_read    kB_wrtn
sda             137.63      3639.22         4.98     218353        298
sdb              90.25       698.07      6473.33      41884     388400
sdc               0.00         0.00         0.00          0          0
dm-0              0.00         0.00         0.00          0          0
dm-1              0.00         0.00         0.00          0          0
dm-2            137.50      3639.42         4.98     218365        298
nvme0n1          11.48       205.13         0.00      12308          0

Device:            tps    kB_read/s    kB_wrtn/s    kB_read    kB_wrtn
sda             135.83      3571.07         7.73     214264        464
sdb             234.78      2296.93      5050.13     137816     303008
sdc               0.00         0.00         0.00          0          0
dm-0              0.00         0.00         0.00          0          0
dm-1              0.00         0.00         0.00          0          0
dm-2            135.63      3570.87         7.73     214252        464
nvme0n1          17.13       300.40         0.00      18024          0

Device:            tps    kB_read/s    kB_wrtn/s    kB_read    kB_wrtn
sda             133.40      3548.60         4.33     212916        260
sdb              90.32       945.13      2121.00      56708     127260
sdc               0.00         0.00         0.00          0          0
dm-0              0.00         0.00         0.00          0          0
dm-1              0.00         0.00         0.00          0          0
dm-2            133.53      3548.60         4.33     212916        260
nvme0n1          17.12       340.40         0.00      20424          0

Device:            tps    kB_read/s    kB_wrtn/s    kB_read    kB_wrtn
sda             138.10      3646.40         5.95     218784        357
sdb             161.85      1390.33      5098.87      83420     305932
sdc               0.00         0.00         0.00          0          0
dm-0              0.00         0.00         0.00          0          0
dm-1              0.00         0.00         0.00          0          0
dm-2            137.87      3646.40         5.95     218784        357
nvme0n1          25.65       514.07         0.47      30844         28

Device:            tps    kB_read/s    kB_wrtn/s    kB_read    kB_wrtn
sda             177.83      5220.71        10.57     313242        634
sdb             157.98      2354.27      4075.33     141256     244520
sdc               0.00         0.00         0.00          0          0
dm-0              0.00         0.00         0.00          0          0
dm-1              0.00         0.00         0.00          0          0
dm-2            177.90      5220.71        10.57     313242        634
nvme0n1           7.27       129.13         0.00       7748          0

Device:            tps    kB_read/s    kB_wrtn/s    kB_read    kB_wrtn
sda             135.72      3587.13        10.38     215228        622
sdb             115.70      1972.53      2660.13     118352     159608
sdc               0.00         0.00         0.00          0          0
dm-0              0.00         0.00         0.00          0          0
dm-1              0.00         0.00         0.00          0          0
dm-2            135.60      3587.13        10.38     215228        622
nvme0n1          26.55       504.33         0.20      30260         12

Device:            tps    kB_read/s    kB_wrtn/s    kB_read    kB_wrtn
sda             134.17      3575.02         6.67     214501        400
sdb             113.67      1270.67      3561.13      76240     213668
sdc               0.00         0.00         0.00          0          0
dm-0              0.00         0.00         0.00          0          0
dm-1              0.00         0.00         0.00          0          0
dm-2            134.02      3575.02         6.67     214501        400
nvme0n1           7.85       143.80         0.27       8628         16

Device:            tps    kB_read/s    kB_wrtn/s    kB_read    kB_wrtn
sda             134.18      3559.07         6.67     213544        400
sdb             147.53      2022.87      4536.07     121372     272164
sdc               0.00         0.00         0.00          0          0
dm-0              0.00         0.00         0.00          0          0
dm-1              0.00         0.00         0.00          0          0
dm-2            134.08      3559.07         6.67     213544        400
nvme0n1          18.25       369.07         0.00      22144          0

Device:            tps    kB_read/s    kB_wrtn/s    kB_read    kB_wrtn
sda             133.68      3547.07         4.72     212824        283
sdb             115.28      1377.13      5066.07      82628     303964
sdc               0.00         0.00         0.00          0          0
dm-0              0.00         0.00         0.00          0          0
dm-1              0.00         0.00         0.00          0          0
dm-2            133.48      3547.07         4.72     212824        283
nvme0n1          10.75       220.73         0.00      13244          0

Device:            tps    kB_read/s    kB_wrtn/s    kB_read    kB_wrtn
sda             134.10      3558.40         4.28     213504        256
sdb             117.10      1436.13      3724.33      86168     223460
sdc               0.00         0.00         0.00          0          0
dm-0              0.00         0.00         0.00          0          0
dm-1              0.00         0.00         0.00          0          0
dm-2            133.92      3558.40         4.28     213504        256
nvme0n1          22.12       424.93         0.20      25496         12

Device:            tps    kB_read/s    kB_wrtn/s    kB_read    kB_wrtn
sda             153.58      3833.49         8.51     230009        510
sdb             235.35      3114.80      2729.40     186888     163764
sdc               0.00         0.00         0.00          0          0
dm-0              0.00         0.00         0.00          0          0
dm-1              0.00         0.00         0.00          0          0
dm-2            153.38      3833.62         8.51     230017        510
nvme0n1          22.83       415.27         0.27      24916         16

Device:            tps    kB_read/s    kB_wrtn/s    kB_read    kB_wrtn
sda             162.37      4963.60         9.98     297816        598
sdb             138.72      1975.47      3055.67     118528     183340
sdc               0.00         0.00         0.00          0          0
dm-0              0.00         0.00         0.00          0          0
dm-1              0.00         0.00         0.00          0          0
dm-2            162.15      4963.47         9.98     297808        598
nvme0n1          20.17       361.60         0.00      21696          0

Device:            tps    kB_read/s    kB_wrtn/s    kB_read    kB_wrtn
sda             133.25      3555.93         5.83     213356        349
sdb              39.00        22.67      2087.93       1360     125276
sdc               1.22         4.60         0.33        276         20
dm-0              0.00         0.00         0.00          0          0
dm-1              0.00         0.00         0.00          0          0
dm-2            133.08      3555.93         5.83     213356        349
nvme0n1           1.27        19.00         0.40       1140         24

Device:            tps    kB_read/s    kB_wrtn/s    kB_read    kB_wrtn
sda             134.02      3565.47         5.15     213928        309
sdb               0.10         0.07         0.40          4         24
sdc               0.00         0.00         0.00          0          0
dm-0              0.00         0.00         0.00          0          0
dm-1              0.00         0.00         0.00          0          0
dm-2            133.87      3567.27         5.15     214036        309
nvme0n1           0.00         0.00         0.00          0          0

Device:            tps    kB_read/s    kB_wrtn/s    kB_read    kB_wrtn
sda             153.12      3942.00         6.33     236520        380
sdb               0.10         0.07         0.40          4         24
sdc               0.00         0.00         0.00          0          0
dm-0              0.00         0.00         0.00          0          0
dm-1              0.00         0.00         0.00          0          0
dm-2            152.97      3940.20         6.33     236412        380
nvme0n1           0.00         0.00         0.00          0          0

Device:            tps    kB_read/s    kB_wrtn/s    kB_read    kB_wrtn
sda             168.55      4262.13         9.66     255728        579
sdb               0.17         0.07         0.87          4         52
sdc               0.00         0.00         0.00          0          0
dm-0              0.00         0.00         0.00          0          0
dm-1              0.00         0.00         0.00          0          0
dm-2            168.22      4263.67         9.66     255820        579
nvme0n1           0.00         0.00         0.00          0          0

Device:            tps    kB_read/s    kB_wrtn/s    kB_read    kB_wrtn
sda             167.02      4205.28         8.85     252317        531
sdb               0.10         0.07         0.40          4         24
sdc               0.00         0.00         0.00          0          0
dm-0              0.00         0.00         0.00          0          0
dm-1              0.00         0.00         0.00          0          0
dm-2            166.97      4203.75         8.85     252225        531
nvme0n1           0.00         0.00         0.00          0          0

Device:            tps    kB_read/s    kB_wrtn/s    kB_read    kB_wrtn
sda             167.10      4199.75         9.16     251985        549
sdb               0.10         0.07         0.40          4         24
sdc               0.00         0.00         0.00          0          0
dm-0              0.00         0.00         0.00          0          0
dm-1              0.00         0.00         0.00          0          0
dm-2            167.23      4199.75         9.16     251985        549
nvme0n1           0.00         0.00         0.00          0          0

Device:            tps    kB_read/s    kB_wrtn/s    kB_read    kB_wrtn
sda             166.87      4194.00         7.12     251640        427
sdb               0.10         0.07         0.40          4         24
sdc               0.00         0.00         0.00          0          0
dm-0              0.00         0.00         0.00          0          0
dm-1              0.00         0.00         0.00          0          0
dm-2            167.02      4196.20         7.12     251772        427
nvme0n1           0.00         0.00         0.00          0          0

Device:            tps    kB_read/s    kB_wrtn/s    kB_read    kB_wrtn
sda             210.97      5844.36        15.93     350661        956
sdb               0.10         0.07         0.40          4         24
sdc               0.00         0.00         0.00          0          0
dm-0              0.00         0.00         0.00          0          0
dm-1              0.00         0.00         0.00          0          0
dm-2            211.00      5842.89        15.93     350573        956
nvme0n1           0.00         0.00         0.00          0          0

Device:            tps    kB_read/s    kB_wrtn/s    kB_read    kB_wrtn
sda             163.12      4170.47         8.04     250228        482
sdb               0.10         0.07         0.40          4         24
sdc               0.00         0.00         0.00          0          0
dm-0              0.00         0.00         0.00          0          0
dm-1              0.00         0.00         0.00          0          0
dm-2            163.08      4169.73         8.04     250184        482
nvme0n1           0.00         0.00         0.00          0          0

Device:            tps    kB_read/s    kB_wrtn/s    kB_read    kB_wrtn
sda             154.77      3967.95         8.22     238077        493
sdb               0.10         0.07         0.40          4         24
sdc               0.00         0.00         0.00          0          0
dm-0              0.00         0.00         0.00          0          0
dm-1              0.00         0.00         0.00          0          0
dm-2            154.90      3968.02         8.22     238081        493
nvme0n1           0.00         0.00         0.00          0          0

Device:            tps    kB_read/s    kB_wrtn/s    kB_read    kB_wrtn
sda             155.70      4001.33         6.81     240080        408
sdb               0.10         0.07         0.40          4         24
sdc               0.00         0.00         0.00          0          0
dm-0              0.00         0.00         0.00          0          0
dm-1              0.00         0.00         0.00          0          0
dm-2            156.33      4001.27         6.81     240076        408
nvme0n1           0.00         0.00         0.00          0          0

Device:            tps    kB_read/s    kB_wrtn/s    kB_read    kB_wrtn
sda             149.63      3850.00         6.95     231000        417
sdb               0.25         0.20         1.27         12         76
sdc               0.00         0.00         0.00          0          0
dm-0              0.00         0.00         0.00          0          0
dm-1              0.00         0.00         0.00          0          0
dm-2            149.58      3850.00         6.95     231000        417
nvme0n1           0.00         0.00         0.00          0          0

Device:            tps    kB_read/s    kB_wrtn/s    kB_read    kB_wrtn
sda             153.53      3934.53         6.67     236072        400
sdb               0.10         0.07         0.40          4         24
sdc               0.10         0.13         0.33          8         20
dm-0              0.00         0.00         0.00          0          0
dm-1              0.00         0.00         0.00          0          0
dm-2            153.65      3934.53         6.67     236072        400
nvme0n1           0.00         0.00         0.00          0          0

Device:            tps    kB_read/s    kB_wrtn/s    kB_read    kB_wrtn
sda             186.45      5323.88        15.45     319432        927
sdb               0.10         0.07         0.40          4         24
sdc               0.00         0.00         0.00          0          0
dm-0              0.00         0.00         0.00          0          0
dm-1              0.00         0.00         0.00          0          0
dm-2            186.38      5324.27        15.45     319456        927
nvme0n1           0.00         0.00         0.00          0          0

Device:            tps    kB_read/s    kB_wrtn/s    kB_read    kB_wrtn
sda             147.47      3834.28         7.38     230057        443
sdb               0.10         0.07         0.40          4         24
sdc               0.00         0.00         0.00          0          0
dm-0              0.00         0.00         0.00          0          0
dm-1              0.00         0.00         0.00          0          0
dm-2            147.77      3834.02         7.38     230041        443
nvme0n1           0.00         0.00         0.00          0          0

