Linux 3.10.0-693.21.1.el7.x86_64 (localhost.localdomain) 	2018年04月08日 	_x86_64_	(24 CPU)

Device:            tps    kB_read/s    kB_wrtn/s    kB_read    kB_wrtn
sda             137.55      3535.49       108.39  388815178   11920706
sdb             239.73      6328.63     11404.47  695990613 1254205292
sdc             402.64       540.30      2522.86   59419601  277451072
dm-0              0.00         0.02         0.00       2256          0
dm-1              0.02         0.08         0.03       9231       3812
dm-2            139.29      3535.32       108.34  388796329   11914756
nvme0n1         442.46      1989.26     10369.41  218768317 1140374244

Device:            tps    kB_read/s    kB_wrtn/s    kB_read    kB_wrtn
sda             161.82      4245.55         7.92     254733        475
sdb               2.48        47.47         1.60       2848         96
sdc           26639.52         5.27     55998.13        316    3359888
dm-0              0.00         0.00         0.00          0          0
dm-1              0.00         0.00         0.00          0          0
dm-2            161.97      4247.22         7.92     254833        475
nvme0n1           0.00         0.00         0.00          0          0

Device:            tps    kB_read/s    kB_wrtn/s    kB_read    kB_wrtn
sda             170.43      5129.28        11.68     307757        701
sdb               0.23         1.33         1.13         80         68
sdc           15763.03         0.00     33169.53          0    1990172
dm-0              0.00         0.00         0.00          0          0
dm-1              0.00         0.00         0.00          0          0
dm-2            170.28      5127.62        11.68     307657        701
nvme0n1           0.00         0.00         0.00          0          0

