Linux 3.10.0-693.21.1.el7.x86_64 (localhost.localdomain) 	2018年04月08日 	_x86_64_	(24 CPU)

Device:            tps    kB_read/s    kB_wrtn/s    kB_read    kB_wrtn
sda             137.67      3540.16       107.64  392308423   11927857
sdb             237.91      6280.66     11317.86  696001693 1254206800
sdc             491.42       536.21      2696.80   59421313  298850728
dm-0              0.00         0.02         0.00       2256          0
dm-1              0.02         0.08         0.03       9231       3812
dm-2            139.39      3539.99       107.58  392289629   11921907
nvme0n1         439.10      1974.15     10290.64  218768317 1140374244

Device:            tps    kB_read/s    kB_wrtn/s    kB_read    kB_wrtn
sda             142.80      3989.67         7.97      59845        119
sdb               2.47        75.47         1.87       1132         28
sdc               0.73         0.00         5.07          0         76
dm-0              0.00         0.00         0.00          0          0
dm-1              0.00         0.00         0.00          0          0
dm-2            143.13      3985.93         7.97      59789        119
nvme0n1           0.00         0.00         0.00          0          0

Device:            tps    kB_read/s    kB_wrtn/s    kB_read    kB_wrtn
sda             231.60      5571.23        29.30      83568        439
sdb               8.47       118.67         2.67       1780         40
sdc           17928.33         2.93     37862.67         44     567940
dm-0              0.00         0.00         0.00          0          0
dm-1              0.00         0.00         0.00          0          0
dm-2            231.53      5571.23        29.30      83568        439
nvme0n1           0.00         0.00         0.00          0          0

Device:            tps    kB_read/s    kB_wrtn/s    kB_read    kB_wrtn
sda             138.27      3668.00        10.50      55020        157
sdb               0.73         0.27         3.47          4         52
sdc           28776.00         0.00     60472.27          0     907084
dm-0              0.00         0.00         0.00          0          0
dm-1              0.00         0.00         0.00          0          0
dm-2            138.13      3668.00        10.50      55020        157
nvme0n1           0.00         0.00         0.00          0          0

Device:            tps    kB_read/s    kB_wrtn/s    kB_read    kB_wrtn
sda             153.73      3976.33         6.70      59645        100
sdb               0.33         0.53         1.07          8         16
sdc           29389.47         2.40     61687.47         36     925312
dm-0              0.00         0.00         0.00          0          0
dm-1              0.00         0.00         0.00          0          0
dm-2            154.40      3976.60         6.70      59649        100
nvme0n1           0.00         0.00         0.00          0          0

Device:            tps    kB_read/s    kB_wrtn/s    kB_read    kB_wrtn
sda             135.07      3632.53         7.33      54488        110
sdb               0.13         0.00         1.33          0         20
sdc           31289.87         0.27     65747.20          4     986208
dm-0              0.00         0.00         0.00          0          0
dm-1              0.00         0.00         0.00          0          0
dm-2            134.80      3632.27         7.33      54484        110
nvme0n1           0.00         0.00         0.00          0          0

Device:            tps    kB_read/s    kB_wrtn/s    kB_read    kB_wrtn
sda             139.87      3718.13         6.87      55772        103
sdb               0.40         0.00         1.87          0         28
sdc           30712.00        25.33     64468.00        380     967020
dm-0              0.00         0.00         0.00          0          0
dm-1              0.00         0.00         0.00          0          0
dm-2            140.27      3718.13         6.87      55772        103
nvme0n1           0.00         0.00         0.00          0          0

Device:            tps    kB_read/s    kB_wrtn/s    kB_read    kB_wrtn
sda             144.53      3890.67         4.93      58360         74
sdb               0.40         5.33         0.80         80         12
sdc           31513.13         0.53     66393.87          8     995908
dm-0              0.00         0.00         0.00          0          0
dm-1              0.00         0.00         0.00          0          0
dm-2            144.33      3890.67         4.93      58360         74
nvme0n1           0.00         0.00         0.00          0          0

Device:            tps    kB_read/s    kB_wrtn/s    kB_read    kB_wrtn
sda             129.18      3469.42         3.26      52076         49
sdb               0.13         0.00         0.80          0         12
sdc               1.93         0.00        25.05          0        376
dm-0              0.00         0.00         0.00          0          0
dm-1              0.00         0.00         0.00          0          0
dm-2            129.05      3469.42         3.26      52076         49
nvme0n1           0.00         0.00         0.00          0          0

Device:            tps    kB_read/s    kB_wrtn/s    kB_read    kB_wrtn
sda             130.33      3508.27         8.47      52624        127
sdb               0.53         0.27         2.67          4         40
sdc               0.00         0.00         0.00          0          0
dm-0              0.00         0.00         0.00          0          0
dm-1              0.00         0.00         0.00          0          0
dm-2            132.00      3512.80         8.47      52692        127
nvme0n1           0.00         0.00         0.00          0          0

Device:            tps    kB_read/s    kB_wrtn/s    kB_read    kB_wrtn
sda             126.27      3481.87         4.67      52228         70
sdb               0.40         0.53         2.67          8         40
sdc               0.07         0.00         0.27          0          4
dm-0              0.00         0.00         0.00          0          0
dm-1              0.00         0.00         0.00          0          0
dm-2            125.93      3477.33         4.67      52160         70
nvme0n1           0.00         0.00         0.00          0          0

Device:            tps    kB_read/s    kB_wrtn/s    kB_read    kB_wrtn
sda             133.60      3604.00         4.87      54060         73
sdb               0.13         0.00         0.80          0         12
sdc               0.00         0.00         0.00          0          0
dm-0              0.00         0.00         0.00          0          0
dm-1              0.00         0.00         0.00          0          0
dm-2            133.40      3604.00         4.87      54060         73
nvme0n1           0.00         0.00         0.00          0          0

