Linux 3.10.0-693.21.1.el7.x86_64 (localhost.localdomain) 	2018年04月08日 	_x86_64_	(24 CPU)

Device:            tps    kB_read/s    kB_wrtn/s    kB_read    kB_wrtn
sda             137.60      3537.28       108.16  389940707   11923331
sdb             239.16      6313.61     11377.31  695996081 1254205656
sdc             447.84       539.02      2613.91   59420417  288151404
dm-0              0.00         0.02         0.00       2256          0
dm-1              0.02         0.08         0.03       9231       3812
dm-2            139.33      3537.11       108.11  389921893   11917381
nvme0n1         441.40      1984.52     10344.70  218768317 1140374244

Device:            tps    kB_read/s    kB_wrtn/s    kB_read    kB_wrtn
sda             158.50      4097.09         9.00     245825        540
sdb               2.73        40.67         2.80       2440        168
sdc           26255.02         2.27     55192.80        136    3311568
dm-0              0.00         0.00         0.00          0          0
dm-1              0.00         0.00         0.00          0          0
dm-2            158.85      4096.82         9.00     245809        540
nvme0n1           0.00         0.00         0.00          0          0

Device:            tps    kB_read/s    kB_wrtn/s    kB_read    kB_wrtn
sda             148.65      3888.22        10.54     233293        632
sdb               1.97         9.40         4.33        564        260
sdc           16146.62         2.00     33965.33        120    2037920
dm-0              0.00         0.00         0.00          0          0
dm-1              0.00         0.00         0.00          0          0
dm-2            148.77      3887.88        10.54     233273        632
nvme0n1           0.00         0.00         0.00          0          0

Device:            tps    kB_read/s    kB_wrtn/s    kB_read    kB_wrtn
sda             135.25      3574.15         6.42     214449        385
sdb               1.70         3.13         6.40        188        384
sdc               0.02         0.00         0.07          0          4
dm-0              0.00         0.00         0.00          0          0
dm-1              0.00         0.00         0.00          0          0
dm-2            135.12      3574.48         6.42     214469        385
nvme0n1           0.00         0.00         0.00          0          0

Device:            tps    kB_read/s    kB_wrtn/s    kB_read    kB_wrtn
sda             184.20      5348.48        13.45     320909        807
sdb               0.10         0.07         0.40          4         24
sdc               0.00         0.00         0.00          0          0
dm-0              0.00         0.00         0.00          0          0
dm-1              0.00         0.00         0.00          0          0
dm-2            184.00      5349.95        13.45     320997        807
nvme0n1           0.00         0.00         0.00          0          0

