Linux 3.10.0-693.21.1.el7.x86_64 (localhost.localdomain) 	2018年04月08日 	_x86_64_	(24 CPU)

Device:            tps    kB_read/s    kB_wrtn/s    kB_read    kB_wrtn
sda             137.74      3543.48       106.93  395492014   11934110
sdb             236.23      6236.01     11237.29  696008765 1254208240
sdc             533.51       532.41      2773.47   59422445  309550248
dm-0              0.00         0.02         0.00       2256          0
dm-1              0.02         0.08         0.03       9231       3812
dm-2            139.45      3543.31       106.87  395473165   11928160
nvme0n1         435.97      1960.09     10217.37  218768317 1140374244

Device:            tps    kB_read/s    kB_wrtn/s    kB_read    kB_wrtn
sda             140.67      3852.27         5.00      57784         75
sdb               2.40       235.73         1.87       3536         28
sdc               0.13         0.00         0.80          0         12
dm-0              0.00         0.00         0.00          0          0
dm-1              0.00         0.00         0.00          0          0
dm-2            140.53      3852.27         5.00      57784         75
nvme0n1           0.00         0.00         0.00          0          0

Device:            tps    kB_read/s    kB_wrtn/s    kB_read    kB_wrtn
sda             223.60      5476.57        13.33      82148        200
sdb              17.33       283.20         2.40       4248         36
sdc              12.40         0.80      2617.60         12      39264
dm-0              0.00         0.00         0.00          0          0
dm-1              0.00         0.00         0.00          0          0
dm-2            225.40      5476.57        13.33      82148        200
nvme0n1           0.00         0.00         0.00          0          0

Device:            tps    kB_read/s    kB_wrtn/s    kB_read    kB_wrtn
sda             156.40      4128.27        11.90      61924        178
sdb               0.80         0.00         4.27          0         64
sdc               0.13         0.00         0.80          0         12
dm-0              0.00         0.00         0.00          0          0
dm-1              0.00         0.00         0.00          0          0
dm-2            156.13      4128.27        11.90      61924        178
nvme0n1           0.00         0.00         0.00          0          0

