Linux 3.10.0-693.21.1.el7.x86_64 (localhost.localdomain) 	2018年04月07日 	_x86_64_	(24 CPU)

Device:            tps    kB_read/s    kB_wrtn/s    kB_read    kB_wrtn
sda              72.80      1468.84       278.23   33351830    6317653
sdb               0.11         0.55         0.07      12465       1688
sdc              60.72       978.98      3075.76   22228893   69838876
dm-0              0.00         0.10         0.00       2240          0
dm-1              0.09         0.41         0.17       9215       3758
dm-2             72.65      1468.02       277.97   33333132    6311757
nvme0n1         768.32       393.00      3858.85    8923629   87620012

Device:            tps    kB_read/s    kB_wrtn/s    kB_read    kB_wrtn
sda             164.25      4206.92        16.53     252415        991
sdb           18996.12        41.20     39942.53       2472    2396552
sdc               0.12         0.13         1.33          8         80
dm-0              0.00         0.00         0.00          0          0
dm-1              0.00         0.00         0.00          0          0
dm-2            164.78      4206.92        16.53     252415        991
nvme0n1        9217.42     34111.60      2758.87    2046696     165532

Device:            tps    kB_read/s    kB_wrtn/s    kB_read    kB_wrtn
sda             138.20      3667.13        12.02     220028        721
sdb           23409.80         9.00     49229.13        540    2953748
sdc               0.22         0.00         1.73          0        104
dm-0              0.00         0.00         0.00          0          0
dm-1              0.00         0.00         0.00          0          0
dm-2            138.15      3669.27        12.02     220156        721
nvme0n1        3663.52     13469.87      1184.60     808192      71076

Device:            tps    kB_read/s    kB_wrtn/s    kB_read    kB_wrtn
sda             137.83      3653.22        10.57     219193        634
sdb               0.15         0.07         0.73          4         44
sdc               0.00         0.00         0.00          0          0
dm-0              0.00         0.00         0.00          0          0
dm-1              0.00         0.00         0.00          0          0
dm-2            137.73      3651.22        10.57     219073        634
nvme0n1        7554.30     28648.93      1568.93    1718936      94136

Device:            tps    kB_read/s    kB_wrtn/s    kB_read    kB_wrtn
sda             135.55      3618.20         9.00     217092        540
sdb               0.08         0.07         0.33          4         20
sdc               0.03         0.33         0.00         20          0
dm-0              0.00         0.00         0.00          0          0
dm-1              0.00         0.00         0.00          0          0
dm-2            135.35      3619.20         9.00     217152        540
nvme0n1        8713.18     33048.80      1804.73    1982928     108284

Device:            tps    kB_read/s    kB_wrtn/s    kB_read    kB_wrtn
sda             132.85      3551.93         8.67     213116        520
sdb               0.08         0.07         0.33          4         20
sdc               0.30         0.00         2.27          0        136
dm-0              0.00         0.00         0.00          0          0
dm-1              0.00         0.00         0.00          0          0
dm-2            132.83      3550.80         8.67     213048        520
nvme0n1        8709.68     33041.20      1798.33    1982472     107900

Device:            tps    kB_read/s    kB_wrtn/s    kB_read    kB_wrtn
sda             134.20      3564.00         8.44     213840        506
sdb               0.08         0.07         0.33          4         20
sdc               0.22         0.00         1.20          0         72
dm-0              0.00         0.00         0.00          0          0
dm-1              0.00         0.00         0.00          0          0
dm-2            134.05      3564.07         8.44     213844        506
nvme0n1        8698.03     32998.53      1794.40    1979912     107664

Device:            tps    kB_read/s    kB_wrtn/s    kB_read    kB_wrtn
sda             133.55      3546.87         9.67     212812        580
sdb               0.08         0.07         0.33          4         20
sdc               0.22         0.07         1.00          4         60
dm-0              0.00         0.00         0.00          0          0
dm-1              0.00         0.00         0.00          0          0
dm-2            133.40      3548.93         9.67     212936        580
nvme0n1        8695.42     32983.13      1799.33    1978988     107960

Device:            tps    kB_read/s    kB_wrtn/s    kB_read    kB_wrtn
sda             133.80      3593.94        10.74     215636        644
sdb               0.15         0.13         0.67          8         40
sdc               0.67         0.93         4.13         56        248
dm-0              0.00         0.00         0.00          0          0
dm-1              0.00         0.00         0.00          0          0
dm-2            133.80      3591.81        10.74     215508        644
nvme0n1        8713.57     33061.33      1793.73    1983680     107624

Device:            tps    kB_read/s    kB_wrtn/s    kB_read    kB_wrtn
sda             134.65      3586.40         9.16     215184        549
sdb               0.08         0.07         0.33          4         20
sdc               0.12         0.00         0.53          0         32
dm-0              0.00         0.00         0.00          0          0
dm-1              0.00         0.00         0.00          0          0
dm-2            134.47      3586.40         9.16     215184        549
nvme0n1        8825.48     33472.80      1829.93    2008368     109796

